# R script for Peak Model
#  -- generated by MACS
p <- c(0.039983982066,0.0465990580604,0.0533036237193,0.0600296668976,0.0667485509028,0.0668129834612,0.0670420770021,0.0669955423766,0.0670671341082,0.0668595180867,0.0667915059417,0.0667020162773,0.0667771875954,0.0666912775176,0.066662640825,0.0665230369485,0.0662939434075,0.0662796250612,0.0662509883686,0.0660469519337,0.0666519020652,0.0669812240303,0.0665480940545,0.0663619555525,0.066383433072,0.0665731511605,0.0665301961216,0.0664872410827,0.0667592896625,0.0672389542639,0.0672389542639,0.0670170198961,0.0677150392786,0.0679190757135,0.0680908958692,0.0677723126639,0.0678295860491,0.0676434475471,0.0673785581404,0.0671888400518,0.0670241790692,0.0670313382424,0.0667091754505,0.0669132118854,0.0668165630478,0.066662640825,0.0670384974156,0.067432251939,0.0676685046531,0.0678045289431,0.0676434475471,0.067872541088,0.0678439043954,0.0680944754558,0.0678546431551,0.0678403248088,0.0676040720947,0.0675754354021,0.067289068476,0.0672353746773,0.0673284439283,0.0671924196384,0.067034917829,0.0665445144679,0.0666590612384,0.0674680478048,0.0674966844974,0.0675969129216,0.0675825945753,0.0671566237726,0.0671172483203,0.0669239506451,0.0671566237726,0.0672031583981,0.0674608886317,0.0668666772599,0.0665659919874,0.0665373552948,0.0668595180867,0.0672675909565,0.0672425338504,0.0672747501296,0.0674215131793,0.0676577658934,0.0674250927659,0.0676291292008,0.0678653819149,0.0676362883739,0.0673606602075,0.0671888400518,0.0671566237726,0.0674215131793,0.0672031583981,0.0672854888894,0.0672138971578,0.0673606602075,0.0674573090451,0.0674859457377,0.0678045289431,0.067872541088,0.0680264633108,0.0680372020706,0.0682627160249,0.0679047573672,0.0682018630531,0.0683199894102,0.0681624876008,0.0684488545269,0.0679942470316,0.0681159529753,0.0681374304947,0.0680980550424,0.0678832798477,0.0681123733887,0.0679047573672,0.0674215131793,0.0674000356598,0.0672103175713,0.0673570806209,0.0673320235149,0.067339182688,0.0673356031015,0.0675110028437,0.0676434475471,0.0676362883739,0.0681087938021,0.0681052142155,0.0679799286853,0.0680264633108,0.0682412385055,0.0682627160249,0.0681696467739,0.0681231121484,0.0683593648625,0.0685991971632,0.0683880015551,0.0683915811417,0.0686099359229,0.0686314134424,0.0684774912195,0.0685311850182,0.0687280622799,0.0687745969054,0.0684237974209,0.0681768059471,0.0684023199014,0.0686135155095,0.0688068131846,0.0690896005242,0.0694761958745,0.0695370488464,0.0696122201645,0.069751824041,0.0696909710692,0.070217170296,0.0704068883846,0.0707326307631,0.0706467206853,0.0704820597027,0.0700811460061,0.0699093258504,0.0698305749457,0.0698484728786,0.0698198361859,0.0697697219739,0.0692399431605,0.0688819845028,0.0688533478101,0.0693616491041,0.0695048325672,0.0698413137054,0.0701455785645,0.0702028519497,0.070657459445,0.0704749005296,0.0707039940705,0.0708042224946,0.0707111532436,0.0701849540168,0.0703173987202,0.0702458069886,0.070217170296,0.0700596684866,0.0696694935497,0.0696122201645,0.0698914279175,0.070099043939,0.0703138191336,0.0704856392893,0.0703531945859,0.0701062031121,0.0700238726208,0.0704355250772,0.0708006429081,0.0710082589295,0.0710583731416,0.071004679343,0.0709653038906,0.0711514423926,0.0714771847711,0.0719031555738,0.0722002612597,0.0718888372275,0.0718315638423,0.0719640085456,0.0718959964007,0.0718924168141,0.072028441104,0.0720391798637,0.0719640085456,0.0719532697859,0.0719031555738,0.0721787837402,0.0723255467899,0.0722074204329,0.0724400935604,0.0726190728892,0.0725725382637,0.0726870850342,0.0726906646208,0.0727586767657,0.0729877703067,0.0731667496355,0.0730701007979,0.0733385697912,0.0734209002825,0.073281296406,0.0735927204382,0.0736750509295,0.0739649974422,0.0739614178556,0.0738719281912,0.0738432914986,0.0740509075201,0.0741761930503,0.0744160253509,0.0749959183764,0.075092567214,0.0753681953804,0.0754576850448,0.0756366643737,0.0755292767764,0.0755435951227,0.0754004116596,0.0751927956381,0.0749028491254,0.0745806863335,0.0746021638529,0.0747310289697,0.0748706328462,0.0748921103657,0.0751283630798,0.0753538770341,0.0758621783281,0.0762595124381,0.0765244018448,0.0769360543012,0.077089976524,0.0771400907361,0.0771365111495,0.0772045232945,0.0774873106341,0.0775732207119,0.0772653762663,0.0773512863441,0.077623334924,0.0777199837616,0.0776949266555,0.0778488488783,0.0777450408676,0.078156693324,0.0779812935817,0.0781065791119,0.0783607297589,0.0784036847978,0.0781674320837,0.0781387953911,0.0786399375119,0.0788511331199,0.0792413080568,0.0795312545696,0.0798856336407,0.079993021238,0.0804010941078,0.0803259227897,0.0807697915252,0.0810311013454,0.080991725893,0.080898656642,0.0811707052219,0.0810311013454,0.0809738279601,0.0809237137481,0.0809559300272,0.0811134318366,0.0810167829991,0.080966668787,0.0811241705964,0.08164321065,0.0820262264138,0.0827170866232,0.0835940853346,0.0844746636325,0.0856666659627,0.0869302600244,0.0883119804431,0.0897867701129,0.090767576835,0.0917483835571,0.0925502109504,0.093205275294,0.0939032946765,0.0947731342148,0.0946872241369,0.0951418316322,0.0952420600564,0.0950344440349,0.0954246189718,0.0952599579893,0.0955892799543,0.0955606432617,0.0954604148376,0.0951847866711,0.095617916647,0.095710985898,0.0956608716859,0.0960188303436,0.0961512750469,0.0966953722067,0.0967920210442,0.0971607184617,0.0974971995999,0.0978873745368,0.097801464459,0.0979446479221,0.0985102226012,0.0985495980536,0.09896125051,0.0990614789341,0.099147389012,0.0993729029663,0.0996270536133,0.100171150773,0.100554166537,0.100854851809,0.100779680491,0.101538552845,0.101388210209,0.101330936824,0.101474120287,0.101867874811,0.101935886956,0.101925148196,0.102132764217,0.101853556464,0.102157821323,0.101986001168,0.102279527267,0.102229413055,0.102318902719,0.102304584373,0.102598110472,0.102483563702,0.102641065511,0.103292550268,0.103356982827,0.103629031406,0.104176708153,0.104799556217,0.10522552702,0.105207629087,0.105912807643,0.106184856223,0.106345937618,0.106421108937,0.106575031159,0.10641752935,0.106378153898,0.106635884131,0.107043957001,0.107709760104,0.10723367509,0.10762027044,0.107720498864,0.108504428324,0.108701305586,0.108941137887,0.108815852357,0.109195288534,0.109248982332,0.108783636077,0.109170231428,0.109155913081,0.109585463471,0.109359949516,0.11012956063,0.110752408695,0.111164061151,0.110992240996,0.111053093967,0.1116043503,0.111747533763,0.112549361157,0.112649589581,0.112842887256,0.112517144877,0.112631691648,0.112785613871,0.11322590302,0.113386984416,0.113508690359,0.113966877441,0.11359102085,0.113741363487,0.114231766848,0.114482337908,0.114586145919,0.114503815428,0.114747227315,0.115370075379,0.115527577189,0.115753091143,0.116025139723,0.116490485978,0.116497645151,0.116569236883,0.116809069183,0.117360325516,0.117303052131,0.116855603809,0.117374643862,0.117442656007,0.117653851615,0.117718284174,0.118022549033,0.118409144383,0.118359030171,0.11854874826,0.118444940249,0.118759943868,0.118867331465,0.118917445677,0.118878070225,0.118913866091,0.119035572034,0.119518816222,0.119851717774,0.120259790644,0.12053541881,0.12078598987,0.121226279019,0.121537703052,0.122292995819,0.122769080834,0.122844252152,0.122837092979,0.122987435615,0.123012492721,0.123706932517,0.123789263009,0.123792842595,0.123968242337,0.123681875411,0.124011197376,0.124147221666,0.124612567921,0.124902514434,0.124798706423,0.124737853452,0.124784388077,0.12491683278,0.125077914176,0.12548240746,0.125682864308,0.125765194799,0.125553999191,0.125664966375,0.126180426842,0.126495430461,0.12678895656,0.126864127878,0.126917821677,0.126939299196,0.126430997902,0.126577760952,0.126849809532,0.126921401264,0.126749581108,0.126753160694,0.127354531239,0.127590783953,0.127869991706,0.128210052431,0.128908071814,0.129369838482,0.12931972427,0.129749274659,0.12998910696,0.130286212646,0.130200302568,0.130329167685,0.130479510321,0.130619114198,0.130561840812,0.130411498176,0.1308052527,0.130579738745,0.130751558901,0.130597636678,0.130425816522,