# R script for Peak Model
#  -- generated by MACS
p <- c(0.040171769732,0.0468029948791,0.0535410030399,0.060289689502,0.0671060052062,0.0671309212427,0.0673160117997,0.0672412636901,0.0673587250051,0.0672875363294,0.067159396713,0.067159396713,0.0672590608591,0.0671878721833,0.0670561731331,0.0669529495533,0.0667714184301,0.0667927750328,0.0668248099369,0.066554292969,0.0671807533157,0.067461948585,0.0669031174803,0.0666681948502,0.0667820967315,0.0670063410601,0.0668959986127,0.0667607401287,0.066974306156,0.0674477108498,0.0674014382106,0.0671131240737,0.0678356891327,0.0680706117627,0.0681097655344,0.0677965353611,0.0678606051692,0.0677146683839,0.067461948585,0.0672056693522,0.0670134599277,0.067041935398,0.0667714184301,0.0668710825762,0.0668283693707,0.0666646354165,0.0670526136993,0.0673622844389,0.0675758504662,0.0677680598907,0.0676328014068,0.0678036542286,0.0677360249867,0.0680670523289,0.0677858570597,0.0676933117812,0.0674405919822,0.0674156759457,0.0670953269048,0.0670490542656,0.0671238023751,0.0670988863386,0.0670205787953,0.066554292969,0.0666966703205,0.0675295778269,0.0676007665027,0.0678214513976,0.0678321296989,0.0673480467038,0.0673694033065,0.0671202429413,0.0672341448225,0.0672377042563,0.0675331372607,0.0669992221925,0.0666931108868,0.0666005656083,0.0669102363478,0.0673872004754,0.0673195712335,0.0673765221741,0.0676185636716,0.067881961772,0.0675438155621,0.0677039900826,0.0678926400733,0.0677609410232,0.0675900882013,0.0673872004754,0.0673694033065,0.067561612731,0.0672982146307,0.067394319343,0.0673694033065,0.0675224589594,0.0675900882013,0.0675224589594,0.0677894164935,0.067881961772,0.0680955277992,0.0680741711965,0.0682592617535,0.067931793845,0.06828417779,0.0684158768402,0.0683731636347,0.0686436806026,0.0681204438358,0.0682058702467,0.0681346815709,0.0682485834521,0.0681062061006,0.0682699400549,0.0680421362924,0.0675722910324,0.0675473749959,0.0674334731147,0.0676043259365,0.0676328014068,0.0676577174433,0.0675900882013,0.0677573815894,0.0679139966761,0.0679104372423,0.0683731636347,0.0683411287306,0.0681773947764,0.0682770589224,0.068536897589,0.0686223239999,0.068536897589,0.0684336740091,0.0686223239999,0.0688786032326,0.0686116456985,0.068636561735,0.0688821626664,0.0688109739906,0.0685546947579,0.0685938485296,0.0688180928582,0.0688821626664,0.0686045268309,0.0683553664658,0.0685582541917,0.0686899532419,0.0688750437988,0.069174036237,0.0695584550861,0.0695691333875,0.0695121824469,0.0696296437619,0.0695050635793,0.0699357550677,0.0702133909031,0.070601369186,0.0705728937157,0.0703735654236,0.0699571116704,0.0698076154513,0.0697649022458,0.0697435456431,0.069729307908,0.069711510739,0.0691420013329,0.0687077504108,0.0685760513606,0.069074372091,0.0692167494425,0.0695228607483,0.069846769223,0.070014062611,0.0704554324007,0.0703308522181,0.070551537113,0.0706583201266,0.0705728937157,0.0700674541178,0.0702596635424,0.0701422022274,0.070131523926,0.070014062611,0.0696154060267,0.069526420182,0.0698111748851,0.0699820277069,0.0702062720356,0.0703984814601,0.0702062720356,0.070014062611,0.0699499928028,0.0702632229762,0.0707010333321,0.0709964663365,0.071039179542,0.0710285012406,0.0709857880351,0.0712207106652,0.0715695351764,0.0719895483634,0.0722387087285,0.0720358210026,0.0719824294958,0.0720073455323,0.0719397162903,0.0718720870484,0.0720500587378,0.0719824294958,0.0719859889296,0.0719824294958,0.0719646323269,0.0721781983541,0.0722280304272,0.0721283662811,0.0723882049476,0.0726800785183,0.0725519389019,0.0726160087101,0.0725483794681,0.0727263511575,0.0729043228469,0.0731107700066,0.073053819066,0.0732745039609,0.0733634898056,0.0731997558513,0.0736197690383,0.0738226567642,0.0740967331659,0.0739757124171,0.0738048595953,0.0736767199789,0.0738546916683,0.0740646982618,0.0742747048553,0.0748548925628,0.074851333129,0.0751076123617,0.0751396472658,0.075321178389,0.075388807631,0.0755133878136,0.0754101642337,0.0752250736767,0.0749830321791,0.0746342076679,0.0746413265355,0.0748015010559,0.0751040529279,0.075036423686,0.0751823604713,0.0754030453661,0.0758728906261,0.0762929038131,0.0765029104066,0.0769763151004,0.0771969999953,0.0771756433926,0.0771293707533,0.0773002235752,0.0775351462052,0.0775422650727,0.0772432726345,0.0771756433926,0.0774781952646,0.0775778594106,0.07752090847,0.0777166773284,0.0776419292188,0.0780192292003,0.0779978725976,0.0781295716478,0.0783716131454,0.0784926338942,0.0782968650358,0.0782007603235,0.0786884027525,0.0788841716108,0.0792365555559,0.0795141913913,0.0798665753363,0.07997335835,0.0803862526694,0.0803115045598,0.0806140564318,0.0808383007605,0.0808062658564,0.0805820215277,0.0807066017103,0.080510832852,0.0804467630438,0.0804681196465,0.0806603290711,0.0808774545321,0.0808169441578,0.0808560979294,0.0810518667878,0.0816783271345,0.0820520676822,0.0828742968872,0.0836929666585,0.084607741142,0.0856791307122,0.0869178136705,0.0883487060533,0.0898187522077,0.0907442049926,0.0917266087181,0.0926734181058,0.093257165247,0.093961933137,0.0947948406434,0.0946916170636,0.095036882141,0.0952077349629,0.0949016236571,0.0952682453372,0.0951187491182,0.095456895328,0.0954782519307,0.0953038396751,0.094937217995,0.0954106226888,0.0955530000403,0.0954533358942,0.0959303000218,0.0961687820856,0.0967204943228,0.0967632075282,0.0970550810989,0.0973861084411,0.0978310376646,0.0976708631442,0.0978701914363,0.0984325819748,0.0983756310342,0.0986675046048,0.0987280149792,0.0988347979929,0.0991266715635,0.0994399017368,0.0999097469969,0.100294165846,0.100472137535,0.100408067727,0.1012374158,0.101091479015,0.10103096864,0.101130632786,0.101486576165,0.101614715781,0.101660988421,0.102016931799,0.101817603507,0.102070323306,0.101814044073,0.102105917644,0.102127274247,0.102269651598,0.102283889334,0.102522371397,0.102426266685,0.102525930831,0.103106118539,0.103106118539,0.103362397771,0.103992417552,0.104565486392,0.104871597697,0.104853800528,0.105490939177,0.105772134446,0.105875358026,0.106007057076,0.106256217441,0.106209944802,0.106056889149,0.106395035359,0.106868440053,0.107398795687,0.107032174007,0.107423711723,0.107558970207,0.108281535266,0.108420353184,0.108576968271,0.108537814499,0.10882968807,0.10885816354,0.108523576764,0.108836806937,0.108804772033,0.109185631449,0.108986303156,0.109790735193,0.110456349311,0.110830089859,0.110655677603,0.110798054955,0.111417396434,0.11154553605,0.112357086954,0.112460310534,0.112595569017,0.112289457712,0.112410478461,0.112535058643,0.112898120889,0.112937274661,0.113068973711,0.113538818971,0.113083211446,0.113314574643,0.113855608578,0.114069174606,0.114143922715,0.114172398186,0.11449630666,0.115176158514,0.115190396249,0.11551074529,0.115791940559,0.116247548084,0.116365009399,0.116397044303,0.116557218824,0.117055539554,0.116970113143,0.116535862221,0.117098252759,0.117208595207,0.117429280102,0.117368769727,0.117610811225,0.118037943279,0.118048621581,0.118251509307,0.118180320631,0.118489991371,0.118703557398,0.118682200795,0.118628809288,0.118732032868,0.118838815882,0.119251710201,0.119564940375,0.120006310164,0.120212757324,0.120508190328,0.120828539369,0.121109734639,0.1218536563,0.12242672514,0.122547745889,0.122650969469,0.122946402473,0.122981996811,0.123768631678,0.123854058089,0.123982197705,0.124167288262,0.123914568464,0.124210001468,0.12433458165,0.124736797669,0.125014433504,0.124971720299,0.124875615586,0.124872056152,0.124854258984,0.125014433504,0.125356139148,0.125594621211,0.125729879695,0.125651572152,0.125701404225,0.126103620243,0.126431088152,0.126776353229,0.126908052279,0.127032632462,0.127153653211,0.126548549467,0.126573465503,0.126829744736,0.12702195416,0.126975681521,0.126972122087,0.127755197521,0.127986560717,0.128193007877,0.128509797484,0.129235921977,0.129862382323,0.129752039876,0.130072388917,0.130317989848,0.130688170962,0.130485283236,0.130634779455,0.130691730396,0.130915974725,0.130866142652,0.130602744551,0.131015638871,0.130816310579,0.130880380387,0.130688170962,0.130481723802,